GALGAMES_CART 0 16 21 0 1
GALGAMES_BIOS_CART 0 16 21 0 1
GALGAMES_STARPAK2_CART 0 16 21 0 1
GALGAMES_STARPAK3_CART 0 16 21 0 1
GALGAMES_SLOT 0 16 22 0 1
DECO_222 0 8 16 0 0
DECO_222 3 8 16 0 0
DECO_C10707 0 8 16 0 0
DECO_C10707 3 8 16 0 0
DECO_CPU6 0 8 16 0 0
DECO_CPU6 3 8 16 0 0
DECO_CPU7 0 8 16 0 0
DECO_CPU7 3 8 16 0 0
GAELCO_DS5002FP 0 8 16 0 1
IGS017_IGS031 0 8 15 0 1
KANEKO_GRAP2 0 8 32 0 0
SKNS_SPRITE 0 8 27 0 0
KONAMI1 0 8 16 0 1
KONAMI1 3 8 16 0 1
NAMCO_C117 0 8 23 0 1
NAMCO_C139 1 16 14 0 1
NAMCO_C69 0 16 24 0 0
NAMCO_C69 2 8 16 0 0
NAMCO_C70 0 16 24 0 0
NAMCO_C70 2 8 16 0 0
NAMCO_C74 0 16 24 0 0
NAMCO_C74 2 8 16 0 0
NAMCO_C75 0 16 24 0 0
NAMCO_C75 2 8 16 0 0
NAMCO_C76 0 16 24 0 0
NAMCO_C76 2 8 16 0 0
NAMCO_C45_ROAD 0 16 17 0 1
YGV608 2 8 6 0 1
TURRETT 0 16 28 0 0
FD1089A 0 16 24 0 1
FD1089A 3 16 24 0 1
FD1089B 0 16 24 0 1
FD1089B 3 16 24 0 1
FD1094 0 16 24 0 1
FD1094 3 16 24 0 1
MC8123 0 8 16 0 0
MC8123 2 8 16 0 0
MC8123 3 8 16 0 0
SEGA_315_5179 0 8 16 0 0
SEGA_315_5179 2 8 16 0 0
SEGA_315_5179 3 8 16 0 0
SEGA_315_5178 0 8 16 0 0
SEGA_315_5178 2 8 16 0 0
SEGA_315_5178 3 8 16 0 0
SEGA_315_5177 0 8 16 0 0
SEGA_315_5177 2 8 16 0 0
SEGA_315_5177 3 8 16 0 0
SEGA_315_5176 0 8 16 0 0
SEGA_315_5176 2 8 16 0 0
SEGA_315_5176 3 8 16 0 0
SEGA_315_5162 0 8 16 0 0
SEGA_315_5162 2 8 16 0 0
SEGA_315_5162 3 8 16 0 0
SEGA_317_0004 0 8 16 0 0
SEGA_317_0004 2 8 16 0 0
SEGA_317_0004 3 8 16 0 0
SEGA_317_0005 0 8 16 0 0
SEGA_317_0005 2 8 16 0 0
SEGA_317_0005 3 8 16 0 0
SEGA_317_0006 0 8 16 0 0
SEGA_317_0006 2 8 16 0 0
SEGA_317_0006 3 8 16 0 0
SEGA_317_0007 0 8 16 0 0
SEGA_317_0007 2 8 16 0 0
SEGA_317_0007 3 8 16 0 0
NV2A_HOST 0 32 20 0 0
NV2A_AGP 0 32 20 0 0
SEI80BU 0 8 16 0 0
SEIBU_COP_BOOTLEG 0 16 9 0 0
SEIBU_CRTC 0 16 7 0 0
ST0016_CPU 0 8 16 0 0
ST0016_CPU 2 8 16 0 0
GP9001_VDP 0 16 14 0 1
JANSHIVDP 0 8 24 0 0
FLOWER_CUSTOM 2 8 7 0 0
SEGA_315_5132 0 8 16 0 0
SEGA_315_5132 2 8 16 0 0
SEGA_315_5132 3 8 16 0 0
SEGA_315_5155 0 8 16 0 0
SEGA_315_5155 2 8 16 0 0
SEGA_315_5155 3 8 16 0 0
SEGA_315_5110 0 8 16 0 0
SEGA_315_5110 2 8 16 0 0
SEGA_315_5110 3 8 16 0 0
SEGA_315_5135 0 8 16 0 0
SEGA_315_5135 2 8 16 0 0
SEGA_315_5135 3 8 16 0 0
SEGA_315_5051 0 8 16 0 0
SEGA_315_5051 2 8 16 0 0
SEGA_315_5051 3 8 16 0 0
SEGA_315_5098 0 8 16 0 0
SEGA_315_5098 2 8 16 0 0
SEGA_315_5098 3 8 16 0 0
SEGA_315_5102 0 8 16 0 0
SEGA_315_5102 2 8 16 0 0
SEGA_315_5102 3 8 16 0 0
SEGA_315_5065 0 8 16 0 0
SEGA_315_5065 2 8 16 0 0
SEGA_315_5065 3 8 16 0 0
SEGA_315_5064 0 8 16 0 0
SEGA_315_5064 2 8 16 0 0
SEGA_315_5064 3 8 16 0 0
SEGA_315_5033 0 8 16 0 0
SEGA_315_5033 2 8 16 0 0
SEGA_315_5033 3 8 16 0 0
SEGA_315_5041 0 8 16 0 0
SEGA_315_5041 2 8 16 0 0
SEGA_315_5041 3 8 16 0 0
SEGA_315_5048 0 8 16 0 0
SEGA_315_5048 2 8 16 0 0
SEGA_315_5048 3 8 16 0 0
SEGA_315_5093 0 8 16 0 0
SEGA_315_5093 2 8 16 0 0
SEGA_315_5093 3 8 16 0 0
SEGA_315_5099 0 8 16 0 0
SEGA_315_5099 2 8 16 0 0
SEGA_315_5099 3 8 16 0 0
SEGA_315_5015 0 8 16 0 0
SEGA_315_5015 2 8 16 0 0
SEGA_315_5015 3 8 16 0 0
SEGA_315_5133 0 8 16 0 0
SEGA_315_5133 2 8 16 0 0
SEGA_315_5133 3 8 16 0 0
SEGA_315_5061 0 8 16 0 0
SEGA_315_5061 2 8 16 0 0
SEGA_315_5061 3 8 16 0 0
SEGA_315_5028 0 8 16 0 0
SEGA_315_5028 2 8 16 0 0
SEGA_315_5028 3 8 16 0 0
SEGA_315_5084 0 8 16 0 0
SEGA_315_5084 2 8 16 0 0
SEGA_315_5084 3 8 16 0 0
SEGA_315_5013 0 8 16 0 0
SEGA_315_5013 2 8 16 0 0
SEGA_315_5013 3 8 16 0 0
SEGA_315_5014 0 8 16 0 0
SEGA_315_5014 2 8 16 0 0
SEGA_315_5014 3 8 16 0 0
SEGA_315_5018 0 8 16 0 0
SEGA_315_5018 2 8 16 0 0
SEGA_315_5018 3 8 16 0 0
SEGA_315_5010 0 8 16 0 0
SEGA_315_5010 2 8 16 0 0
SEGA_315_5010 3 8 16 0 0
SEGA_315_SPAT 0 8 16 0 0
SEGA_315_SPAT 2 8 16 0 0
SEGA_315_SPAT 3 8 16 0 0
SEGA_CPU_PBACTIO4 0 8 16 0 0
SEGA_CPU_PBACTIO4 2 8 16 0 0
SEGA_CPU_PBACTIO4 3 8 16 0 0
GAMATE_VIDEO 0 8 14 0 1
PROF80_MMU 0 8 20 0 0
NICK 0 8 16 0 0
ABC1600_MAC 0 8 22 0 0
ABC1600_MOVER 0 16 18 -1 1
M6502_VTSCR 0 8 16 0 0
M6502_VTSCR 3 8 16 0 0
ZX8301 0 8 17 0 0
VGMPLAY 0 8 32 0 0
VGMPLAY 1 16 32 0 0
VGMPLAY 2 8 32 0 0
ISA8 0 8 24 0 0
ISA8 1 8 16 0 0
ISA8 2 16 24 0 0
ISA8 3 16 16 0 0
ISA16 0 16 24 0 0
ISA16 1 16 16 0 0
ISA16 2 8 24 0 0
ISA16 3 8 16 0 0
VME 0 32 32 0 1
N8X300 0 16 14 0 1
N8X300 2 8 9 0 1
ADSP2100 0 32 14 -2 0
ADSP2100 1 16 14 -1 0
ADSP2101 0 32 14 -2 0
ADSP2101 1 16 14 -1 0
ADSP2104 0 32 14 -2 0
ADSP2104 1 16 14 -1 0
ADSP2105 0 32 14 -2 0
ADSP2105 1 16 14 -1 0
ADSP2115 0 32 14 -2 0
ADSP2115 1 16 14 -1 0
ADSP2181 0 32 14 -2 0
ADSP2181 1 16 14 -1 0
ADSP2181 2 16 11 -1 0
ALPHA8201L 0 8 10 0 0
ALPHA8201L 2 8 6 0 0
ALPHA8301L 0 8 10 0 0
ALPHA8301L 2 8 6 0 0
ALTO2 0 32 12 -2 1
ALTO2 1 16 8 -1 1
ALTO2 2 16 17 -1 1
AM29000 0 32 32 0 1
AM29000 1 32 32 0 1
AM29000 2 32 32 0 1
AMI_S2000 0 8 13 0 1
AMI_S2000 1 8 6 0 1
AMI_S2150 0 8 13 0 1
AMI_S2150 1 8 7 0 1
AMI_S2152 0 8 13 0 1
AMI_S2152 1 8 7 0 1
APEXC 0 32 15 0 1
ARCA5 0 32 32 0 0
ARCA5 2 32 32 -2 0
ARM 0 32 26 0 0
ARM_BE 0 32 26 0 1
ARM7 0 32 32 0 0
ARM7_BE 0 32 32 0 1
ARM7500 0 32 32 0 0
ARM9 0 32 32 0 0
ARM920T 0 32 32 0 0
ARM946ES 0 32 32 0 0
PXA255 0 32 32 0 0
SA1110 0 32 32 0 0
IGS036 0 32 32 0 0
LPC2103 0 32 32 0 0
ASAP 0 32 32 0 0
ATMEGA88 0 8 22 0 0
ATMEGA88 1 8 16 0 0
ATMEGA88 2 8 4 0 0
ATMEGA644 0 8 22 0 0
ATMEGA644 1 8 16 0 0
ATMEGA644 2 8 4 0 0
ATMEGA1280 0 8 22 0 0
ATMEGA1280 1 8 16 0 0
ATMEGA1280 2 8 4 0 0
ATMEGA2560 0 8 22 0 0
ATMEGA2560 1 8 16 0 0
ATMEGA2560 2 8 4 0 0
HP_CAPRICORN 0 8 16 0 0
CCPU 0 8 15 0 1
CCPU 1 16 32 -1 1
CCPU 2 8 5 0 1
CLIPPER_C100 0 32 32 0 0
CLIPPER_C100 1 32 32 0 0
CLIPPER_C100 2 32 32 0 0
CLIPPER_C300 0 32 32 0 0
CLIPPER_C300 1 32 32 0 0
CLIPPER_C300 2 32 32 0 0
CLIPPER_C400 0 32 32 0 0
CLIPPER_C400 1 32 32 0 0
CLIPPER_C400 2 32 32 0 0
COP401 0 8 9 0 0
COP401 1 8 6 0 0
COP410 0 8 9 0 0
COP410 1 8 6 0 0
COP411 0 8 9 0 0
COP411 1 8 6 0 0
COP402 0 8 10 0 0
COP402 1 8 6 0 0
COP420 0 8 10 0 0
COP420 1 8 6 0 0
COP421 0 8 10 0 0
COP421 1 8 6 0 0
COP422 0 8 10 0 0
COP422 1 8 6 0 0
COP404L 0 8 11 0 0
COP404L 1 8 7 0 0
COP444L 0 8 11 0 0
COP444L 1 8 7 0 0
COP445L 0 8 11 0 0
COP445L 1 8 7 0 0
COP404C 0 8 11 0 0
COP404C 1 8 7 0 0
COP424C 0 8 10 0 0
COP424C 1 8 6 0 0
COP425C 0 8 10 0 0
COP425C 1 8 6 0 0
COP426C 0 8 10 0 0
COP426C 1 8 6 0 0
COP444C 0 8 11 0 0
COP444C 1 8 7 0 0
COP445C 0 8 11 0 0
COP445C 1 8 7 0 0
COP446C 0 8 11 0 0
COP446C 1 8 7 0 0
CDP1801 0 8 16 0 0
CDP1801 2 8 3 0 0
CDP1802 0 8 16 0 0
CDP1802 2 8 3 0 0
CP1610 0 16 16 -1 1
CQUESTSND 0 64 8 -3 1
CQUESTROT 0 64 9 -3 1
CQUESTLIN 0 64 8 -3 1
DIABLO1300 0 16 9 -1 0
DIABLO1300 1 8 5 0 0
DSP32C 0 32 24 0 0
DSP56156 0 16 16 -1 0
DSP56156 1 16 16 -1 0
E0C6S46 0 16 13 -1 1
E0C6S46 1 8 12 0 1
E116T 0 16 32 0 1
E116T 2 16 15 0 1
E116XT 0 16 32 0 1
E116XT 2 16 15 0 1
E116XS 0 16 32 0 1
E116XS 2 16 15 0 1
E116XSR 0 16 32 0 1
E116XSR 2 16 15 0 1
E132N 0 32 32 0 1
E132N 2 32 15 0 1
E132T 0 32 32 0 1
E132T 2 32 15 0 1
E132XN 0 32 32 0 1
E132XN 2 32 15 0 1
E132XT 0 32 32 0 1
E132XT 2 32 15 0 1
E132XS 0 32 32 0 1
E132XS 2 32 15 0 1
E132XSR 0 32 32 0 1
E132XSR 2 32 15 0 1
GMS30C2116 0 16 32 0 1
GMS30C2116 2 16 15 0 1
GMS30C2132 0 32 32 0 1
GMS30C2132 2 32 15 0 1
GMS30C2216 0 16 32 0 1
GMS30C2216 2 16 15 0 1
GMS30C2232 0 32 32 0 1
GMS30C2232 2 32 15 0 1
ESRIP 0 64 9 -3 1
F8 0 8 16 0 1
F8 2 8 8 0 1
G65816 0 8 24 0 0
_5A22 0 8 24 0 0
H6280 0 8 21 0 0
H6280 2 8 2 0 0
H83002 0 16 24 0 1
H83002 2 16 16 -1 1
H83006 0 16 24 0 1
H83006 2 16 16 -1 1
H83007 0 16 24 0 1
H83007 2 16 16 -1 1
H83008 0 16 24 0 1
H83008 2 16 16 -1 1
H83044 0 16 24 0 1
H83044 2 16 16 -1 1
H83045 0 16 24 0 1
H83045 2 16 16 -1 1
H83047 0 16 24 0 1
H83047 2 16 16 -1 1
H83048 0 16 24 0 1
H83048 2 16 16 -1 1
H83334 0 16 16 0 1
H83334 2 16 16 -1 1
H83336 0 16 16 0 1
H83336 2 16 16 -1 1
H83337 0 16 16 0 1
H83337 2 16 16 -1 1
H8S2241 0 16 24 0 1
H8S2241 2 16 16 -1 1
H8S2242 0 16 24 0 1
H8S2242 2 16 16 -1 1
H8S2245 0 16 24 0 1
H8S2245 2 16 16 -1 1
H8S2246 0 16 24 0 1
H8S2246 2 16 16 -1 1
H8S2320 0 16 24 0 1
H8S2320 2 16 16 -1 1
H8S2321 0 16 24 0 1
H8S2321 2 16 16 -1 1
H8S2322 0 16 24 0 1
H8S2322 2 16 16 -1 1
H8S2323 0 16 24 0 1
H8S2323 2 16 16 -1 1
H8S2324 0 16 24 0 1
H8S2324 2 16 16 -1 1
H8S2326 0 16 24 0 1
H8S2326 2 16 16 -1 1
H8S2327 0 16 24 0 1
H8S2327 2 16 16 -1 1
H8S2328 0 16 24 0 1
H8S2328 2 16 16 -1 1
H8S2329 0 16 24 0 1
H8S2329 2 16 16 -1 1
H8S2357 0 16 24 0 1
H8S2357 2 16 16 -1 1
H8S2352 0 16 24 0 1
H8S2352 2 16 16 -1 1
H8S2398 0 16 24 0 1
H8S2398 2 16 16 -1 1
H8S2394 0 16 24 0 1
H8S2394 2 16 16 -1 1
H8S2392 0 16 24 0 1
H8S2392 2 16 16 -1 1
H8S2390 0 16 24 0 1
H8S2390 2 16 16 -1 1
H8S2655 0 16 24 0 1
H8S2655 2 16 16 -1 1
H8S2653 0 16 24 0 1
H8S2653 2 16 16 -1 1
HCD62121 0 8 24 0 1
HD61700 0 16 18 -1 1
HD38750 0 16 11 -1 0
HD38750 1 8 7 0 0
HD38755 0 16 11 -1 0
HD38755 1 8 7 0 0
HD44750 0 16 11 -1 0
HD44750 1 8 7 0 0
HD44758 0 16 11 -1 0
HD44758 1 8 7 0 0
HD38800 0 16 12 -1 0
HD38800 1 8 8 0 0
HD38805 0 16 12 -1 0
HD38805 1 8 8 0 0
HD44801 0 16 12 -1 0
HD44801 1 8 8 0 0
HD44808 0 16 12 -1 0
HD44808 1 8 8 0 0
HD38820 0 16 12 -1 0
HD38820 1 8 8 0 0
HD38825 0 16 12 -1 0
HD38825 1 8 8 0 0
HD44820 0 16 12 -1 0
HD44820 1 8 8 0 0
HD44828 0 16 12 -1 0
HD44828 1 8 8 0 0
HP_5061_3001 0 16 22 -1 1
HP_5061_3001 2 16 6 -1 1
HP_5061_3011 0 16 16 -1 1
HP_5061_3011 2 16 6 -1 1
I386 0 32 32 0 0
I386 2 32 16 0 0
I386SX 0 16 24 0 0
I386SX 2 16 16 0 0
I486 0 32 32 0 0
I486 2 32 16 0 0
I486DX4 0 32 32 0 0
I486DX4 2 32 16 0 0
PENTIUM 0 32 32 0 0
PENTIUM 2 32 16 0 0
MEDIAGX 0 32 32 0 0
MEDIAGX 2 32 16 0 0
PENTIUM_PRO 0 32 32 0 0
PENTIUM_PRO 2 32 16 0 0
PENTIUM_MMX 0 32 32 0 0
PENTIUM_MMX 2 32 16 0 0
PENTIUM2 0 32 32 0 0
PENTIUM2 2 32 16 0 0
PENTIUM3 0 32 32 0 0
PENTIUM3 2 32 16 0 0
PENTIUM4 0 32 32 0 0
PENTIUM4 2 32 16 0 0
I8008 0 8 14 0 0
I8008 2 8 8 0 0
I8080 0 8 16 0 0
I8080 2 8 8 0 0
I8080 3 8 16 0 0
I8080A 0 8 16 0 0
I8080A 2 8 8 0 0
I8080A 3 8 16 0 0
I8085A 0 8 16 0 0
I8085A 2 8 8 0 0
I8085A 3 8 16 0 0
I8089 0 0 20 0 0
I8089 2 0 16 0 0
I80186 0 16 20 0 0
I80186 2 16 16 0 0
I80186 3 16 20 0 0
I80188 0 8 20 0 0
I80188 2 8 16 0 0
I80188 3 8 20 0 0
I80286 0 16 24 0 0
I80286 2 16 16 0 0
I80286 3 16 24 0 0
I8086 0 16 20 0 0
I8086 2 16 16 0 0
I8086 3 16 20 0 0
I8088 0 8 20 0 0
I8088 2 8 16 0 0
I8088 3 8 20 0 0
I860 0 64 32 0 0
I960 0 32 32 0 0
JAGUARGPU 0 32 24 0 1
JAGUARDSP 0 32 24 0 1
LC8670 0 8 16 0 1
LC8670 1 8 9 0 1
LC8670 2 8 8 0 1
LH5801 0 8 16 0 0
LH5801 2 8 16 0 0
LR35902 0 8 16 0 0
M37702M2 0 16 24 0 0
M37702M2 2 8 16 0 0
M37702S1 0 16 24 0 0
M37702S1 2 8 16 0 0
M37710S4 0 16 24 0 0
M37710S4 2 8 16 0 0
M37720S1 0 16 24 0 0
M37720S1 2 8 16 0 0
DECO16 0 8 16 0 0
DECO16 2 8 16 0 0
DECO16 3 8 16 0 0
M37450 0 8 16 0 0
M4510 0 8 20 0 0
M4510 3 8 20 0 0
M6502 0 8 16 0 0
M6502 3 8 16 0 0
M6504 0 8 13 0 0
M6504 3 8 13 0 0
M6507 0 8 13 0 0
M6507 3 8 13 0 0
M6509 0 8 20 0 0
M6509 3 8 20 0 0
M6510 0 8 16 0 0
M6510 3 8 16 0 0
M65C02 0 8 16 0 0
M65C02 3 8 16 0 0
M65CE02 0 8 16 0 0
M65CE02 3 8 16 0 0
M65SC02 0 8 16 0 0
M65SC02 3 8 16 0 0
M740 0 8 16 0 0
M740 3 8 16 0 0
M7501 0 8 16 0 0
M7501 3 8 16 0 0
M8502 0 8 16 0 0
M8502 3 8 16 0 0
N2A03 0 8 16 0 0
N2A03 3 8 16 0 0
R65C02 0 8 16 0 0
R65C02 3 8 16 0 0
XAVIX 0 8 24 0 0
XAVIX 3 8 24 0 0
M6800 0 8 16 0 1
M6800 3 8 16 0 1
M6802 0 8 16 0 1
M6802 3 8 16 0 1
M6808 0 8 16 0 1
M6808 3 8 16 0 1
NSC8105 0 8 16 0 1
NSC8105 3 8 16 0 1
M6801 0 8 16 0 1
M6801 2 8 9 0 1
M6801 3 8 16 0 1
M6803 0 8 16 0 1
M6803 2 8 9 0 1
M6803 3 8 16 0 1
HD6301 0 8 16 0 1
HD6301 2 8 9 0 1
HD6301 3 8 16 0 1
HD63701 0 8 16 0 1
HD63701 2 8 9 0 1
HD63701 3 8 16 0 1
HD6303R 0 8 16 0 1
HD6303R 2 8 9 0 1
HD6303R 3 8 16 0 1
HD6303Y 0 8 16 0 1
HD6303Y 2 8 9 0 1
HD6303Y 3 8 16 0 1
M68000 0 16 24 0 1
M68000 3 16 24 0 1
M68301 0 16 24 0 1
M68301 3 16 24 0 1
M68008 0 8 20 0 1
M68008 3 8 20 0 1
M68008PLCC 0 8 22 0 1
M68008PLCC 3 8 22 0 1
M68010 0 16 24 0 1
M68010 3 16 24 0 1
M68EC020 0 32 24 0 1
M68EC020 3 32 24 0 1
M68020 0 32 32 0 1
M68020 3 32 32 0 1
M68020FPU 0 32 32 0 1
M68020FPU 3 32 32 0 1
M68020PMMU 0 32 32 0 1
M68020PMMU 3 32 32 0 1
M68020HMMU 0 32 32 0 1
M68020HMMU 3 32 32 0 1
M68EC030 0 32 32 0 1
M68EC030 3 32 32 0 1
M68030 0 32 32 0 1
M68030 3 32 32 0 1
M68EC040 0 32 32 0 1
M68EC040 3 32 32 0 1
M68LC040 0 32 32 0 1
M68LC040 3 32 32 0 1
M68040 0 32 32 0 1
M68040 3 32 32 0 1
SCC68070 0 16 32 0 1
SCC68070 3 16 32 0 1
FSCPU32 0 32 32 0 1
FSCPU32 3 32 32 0 1
MCF5206E 0 32 32 0 1
MCF5206E 3 32 32 0 1
M6805 0 8 12 0 1
M68HC05EG 0 8 13 0 1
HD63705 0 8 16 0 1
M68705P3 0 8 11 0 1
M68705P5 0 8 11 0 1
M68705R3 0 8 12 0 1
M68705U3 0 8 12 0 1
HD6309 0 8 16 0 1
HD6309 3 8 16 0 1
HD6309E 0 8 16 0 1
HD6309E 3 8 16 0 1
KONAMI 0 8 16 0 1
KONAMI 3 8 16 0 1
MC6809 0 8 16 0 1
MC6809 3 8 16 0 1
MC6809E 0 8 16 0 1
MC6809E 3 8 16 0 1
M6809 0 8 16 0 1
M6809 3 8 16 0 1
MB86233 0 32 32 -2 0
MB86233 1 32 32 0 0
MB86235 0 64 32 -3 0
MB86235 1 32 24 -2 0
MB86235 2 32 10 -2 0
MB88201 0 8 9 0 1
MB88201 1 8 4 0 1
MB88202 0 8 10 0 1
MB88202 1 8 5 0 1
MB8841 0 8 11 0 1
MB8841 1 8 7 0 1
MB8842 0 8 11 0 1
MB8842 1 8 7 0 1
MB8843 0 8 10 0 1
MB8843 1 8 6 0 1
MB8844 0 8 10 0 1
MB8844 1 8 6 0 1
MC68HC11 0 8 16 0 1
MC68HC11 2 8 8 0 1
I4004 0 8 12 0 0
I4004 1 8 11 0 0
I4004 2 8 11 0 0
I4004 4 8 9 0 0
I4004 5 8 5 0 0
I4004 6 8 9 0 0
I4040 0 8 13 0 0
I4040 1 8 11 0 0
I4040 2 8 12 0 0
I4040 4 8 9 0 0
I4040 5 8 5 0 0
I4040 6 8 10 0 0
I8021 0 8 11 0 0
I8021 1 8 6 0 0
I8022 0 8 11 0 0
I8022 1 8 7 0 0
I8035 0 8 12 0 0
I8035 1 8 6 0 0
I8035 2 8 8 0 0
I8048 0 8 12 0 0
I8048 1 8 6 0 0
I8048 2 8 8 0 0
I8648 0 8 12 0 0
I8648 1 8 6 0 0
I8648 2 8 8 0 0
I8748 0 8 12 0 0
I8748 1 8 6 0 0
I8748 2 8 8 0 0
I8039 0 8 12 0 0
I8039 1 8 7 0 0
I8039 2 8 8 0 0
I8049 0 8 12 0 0
I8049 1 8 7 0 0
I8049 2 8 8 0 0
I8749 0 8 12 0 0
I8749 1 8 7 0 0
I8749 2 8 8 0 0
I8040 0 8 12 0 0
I8040 1 8 8 0 0
I8040 2 8 8 0 0
I8050 0 8 12 0 0
I8050 1 8 8 0 0
I8050 2 8 8 0 0
I8041 0 8 11 0 0
I8041 1 8 7 0 0
I8741 0 8 11 0 0
I8741 1 8 7 0 0
I8042 0 8 11 0 0
I8042 1 8 8 0 0
I8242 0 8 11 0 0
I8242 1 8 8 0 0
I8742 0 8 11 0 0
I8742 1 8 8 0 0
MB8884 0 8 12 0 0
MB8884 1 8 6 0 0
MB8884 2 8 8 0 0
N7751 0 8 12 0 0
N7751 1 8 6 0 0
N7751 2 8 8 0 0
M58715 0 8 12 0 0
M58715 1 8 7 0 0
M58715 2 8 8 0 0
I8031 0 8 16 0 0
I8031 1 8 9 0 0
I8031 2 8 16 0 0
I8032 0 8 16 0 0
I8032 1 8 9 0 0
I8032 2 8 16 0 0
I8051 0 8 16 0 0
I8051 1 8 9 0 0
I8051 2 8 16 0 0
I8751 0 8 16 0 0
I8751 1 8 9 0 0
I8751 2 8 16 0 0
I8052 0 8 16 0 0
I8052 1 8 9 0 0
I8052 2 8 16 0 0
I8752 0 8 16 0 0
I8752 1 8 9 0 0
I8752 2 8 16 0 0
I80C31 0 8 16 0 0
I80C31 1 8 9 0 0
I80C31 2 8 16 0 0
I80C51 0 8 16 0 0
I80C51 1 8 9 0 0
I80C51 2 8 16 0 0
I87C51 0 8 16 0 0
I87C51 1 8 9 0 0
I87C51 2 8 16 0 0
I80C32 0 8 16 0 0
I80C32 1 8 9 0 0
I80C32 2 8 16 0 0
I80C52 0 8 16 0 0
I80C52 1 8 9 0 0
I80C52 2 8 16 0 0
I87C52 0 8 16 0 0
I87C52 1 8 9 0 0
I87C52 2 8 16 0 0
AT89C4051 0 8 16 0 0
AT89C4051 1 8 9 0 0
AT89C4051 2 8 16 0 0
DS5002FP 0 8 16 0 0
DS5002FP 1 8 9 0 0
DS5002FP 2 8 17 0 0
C8095 0 8 16 0 0
C8095 2 16 16 -1 0
P8098 0 8 16 0 0
P8098 2 16 16 -1 0
M58846 0 16 11 -1 0
M58846 1 8 7 0 0
MINX 0 8 24 0 1
VR4300BE 0 32 32 0 1
VR4300LE 0 32 32 0 0
VR4310BE 0 32 32 0 1
VR4310LE 0 32 32 0 0
R4600BE 0 32 32 0 1
R4600LE 0 32 32 0 0
R4650BE 0 32 32 0 1
R4650LE 0 32 32 0 0
R4700BE 0 32 32 0 1
R4700LE 0 32 32 0 0
TX4925BE 0 32 32 0 1
TX4925LE 0 32 32 0 0
R5000BE 0 32 32 0 1
R5000LE 0 32 32 0 0
VR5500BE 0 32 32 0 1
VR5500LE 0 32 32 0 0
QED5271BE 0 32 32 0 1
QED5271LE 0 32 32 0 0
RM7000BE 0 32 32 0 1
RM7000LE 0 32 32 0 0
R3041 0 32 29 0 1
R3051 0 32 29 0 1
R3052 0 32 29 0 1
R3071 0 32 29 0 1
R3081 0 32 29 0 1
MN1020012A 0 16 24 0 0
V20 0 8 20 0 0
V20 2 8 16 0 0
V30 0 16 20 0 0
V30 2 16 16 0 0
V33 0 16 20 0 0
V33 2 16 16 0 0
V33A 0 16 20 0 0
V33A 2 16 16 0 0
V25 0 8 20 0 0
V25 2 8 16 0 0
V35 0 16 20 0 0
V35 2 16 16 0 0
V53 0 16 20 0 0
V53 2 16 16 0 0
V53A 0 16 20 0 0
V53A 2 16 16 0 0
PATO_FEIO_CPU 0 8 12 0 0
PDP1 0 32 18 0 1
TX0_8KW 0 32 13 -2 1
TX0_64KW 0 32 16 -2 1
PIC16C54 0 16 9 -1 0
PIC16C54 1 8 5 0 0
PIC16C55 0 16 9 -1 0
PIC16C55 1 8 5 0 0
PIC16C56 0 16 10 -1 0
PIC16C56 1 8 5 0 0
PIC16C57 0 16 11 -1 0
PIC16C57 1 8 7 0 0
PIC16C58 0 16 11 -1 0
PIC16C58 1 8 7 0 0
PIC1650 0 16 9 -1 0
PIC1650 1 8 5 0 0
PIC1655 0 16 9 -1 0
PIC1655 1 8 5 0 0
PPC601 0 64 32 0 1
PPC602 0 64 32 0 1
PPC603 0 64 32 0 1
PPC603E 0 64 32 0 1
PPC603R 0 64 32 0 1
PPC604 0 64 32 0 1
MPC8240 0 64 32 0 1
PPC403GA 0 32 31 0 1
PPC403GCX 0 32 31 0 1
PPC405GP 0 32 31 0 1
PPS4 0 8 12 0 0
PPS4 1 8 12 0 0
PPS4 2 8 8 0 0
PPS4_2 0 8 12 0 0
PPS4_2 1 8 12 0 0
PPS4_2 2 8 8 0 0
CXD8530AQ 0 32 32 0 0
CXD8530BQ 0 32 32 0 0
CXD8530CQ 0 32 32 0 0
CXD8661R 0 32 32 0 0
CXD8606BQ 0 32 32 0 0
CXD8606CQ 0 32 32 0 0
RSP 0 32 32 0 1
S2650 0 8 15 0 0
S2650 1 8 1 0 0
S2650 2 8 8 0 0
SATURN 0 8 20 0 0
SC61860 0 8 16 0 1
SCMP 0 8 16 0 0
INS8060 0 8 16 0 0
SCORE7 0 32 32 0 0
SE3208 0 32 32 0 0
SH1 0 32 28 0 1
SH1 3 32 28 0 1
SH2 0 32 32 0 1
SH2 3 32 32 0 1
SH2A 0 32 28 0 1
SH2A 3 32 28 0 1
SH3LE 0 64 32 0 0
SH3LE 2 64 8 0 0
SH3BE 0 64 32 0 1
SH3BE 2 64 8 0 1
SH4LE 0 64 32 0 0
SH4LE 2 64 8 0 0
SH4BE 0 64 32 0 1
SH4BE 2 64 8 0 1
ADSP21062 0 64 24 -3 0
ADSP21062 1 32 32 -2 0
SM510 0 8 12 0 0
SM510 1 8 7 0 0
SM511 0 8 12 0 0
SM511 1 8 7 0 0
SM512 0 8 12 0 0
SM512 1 8 7 0 0
SM5A 0 8 11 0 0
SM5A 1 8 7 0 0
SM5L 0 8 11 0 0
SM5L 1 8 7 0 0
KB1013VK12 0 8 11 0 0
KB1013VK12 1 8 7 0 0
SM8500 0 8 16 0 1
MB86901 0 32 32 0 1
SPC700 0 8 16 0 0
SSEMCPU 0 8 16 0 0
SSP1601 0 16 16 -1 1
SSP1601 2 16 4 0 1
T11 0 16 16 0 0
K1801VM2 0 16 16 0 0
TMP87PH40AN 0 8 16 0 0
TMP87PH40AN 2 8 16 0 0
TMP90840 0 8 20 0 0
TMP90841 0 8 20 0 0
TMP90845 0 8 20 0 0
TMP91640 0 8 20 0 0
TMP91641 0 8 20 0 0
TMP90PH44 0 8 20 0 0
TMP95C061 0 16 24 0 0
TMP95C063 0 16 24 0 0
TMS0270 0 16 11 -1 1
TMS0270 1 8 8 0 1
TMS0950 0 8 10 0 1
TMS0950 1 8 6 0 1
TMS0970 0 8 10 0 1
TMS0970 1 8 6 0 1
TMS1990 0 8 10 0 1
TMS1990 1 8 6 0 1
TMS0980 0 16 11 -1 1
TMS0980 1 8 8 0 1
TMS1980 0 16 11 -1 1
TMS1980 1 8 8 0 1
TMS1000 0 8 10 0 1
TMS1000 1 8 6 0 1
TMS1070 0 8 10 0 1
TMS1070 1 8 6 0 1
TMS1040 0 8 10 0 1
TMS1040 1 8 6 0 1
TMS1200 0 8 10 0 1
TMS1200 1 8 6 0 1
TMS1700 0 8 10 0 1
TMS1700 1 8 6 0 1
TMS1730 0 8 10 0 1
TMS1730 1 8 6 0 1
MC141000 0 8 10 0 1
MC141000 1 8 6 0 1
MC141200 0 8 10 0 1
MC141200 1 8 6 0 1
TMS1000C 0 8 10 0 1
TMS1000C 1 8 6 0 1
TMS1100 0 8 11 0 1
TMS1100 1 8 7 0 1
TMS1170 0 8 11 0 1
TMS1170 1 8 7 0 1
TMS1300 0 8 11 0 1
TMS1300 1 8 7 0 1
TMS1370 0 8 11 0 1
TMS1370 1 8 7 0 1
TMS1400 0 8 12 0 1
TMS1400 1 8 7 0 1
TMS1470 0 8 12 0 1
TMS1470 1 8 7 0 1
TMS1600 0 8 12 0 1
TMS1600 1 8 7 0 1
TMS1670 0 8 12 0 1
TMS1670 1 8 7 0 1
TMS32010 0 16 12 -1 1
TMS32010 1 16 8 -1 1
TMS32010 2 16 4 -1 1
TMS32015 0 16 12 -1 1
TMS32015 1 16 8 -1 1
TMS32015 2 16 4 -1 1
TMS32016 0 16 12 -1 1
TMS32016 1 16 8 -1 1
TMS32016 2 16 4 -1 1
TMS32025 0 16 16 -1 1
TMS32025 1 16 16 -1 1
TMS32025 2 16 16 -1 1
TMS32026 0 16 16 -1 1
TMS32026 1 16 16 -1 1
TMS32026 2 16 16 -1 1
TMS32031 0 32 24 -2 0
TMS32032 0 32 24 -2 0
TMS32051 0 16 16 -1 0
TMS32051 1 16 16 -1 0
TMS32051 2 16 16 -1 0
TMS32053 0 16 16 -1 0
TMS32053 1 16 16 -1 0
TMS32053 2 16 16 -1 0
TMS32082_MP 0 32 32 0 1
TMS32082_PP 0 32 32 0 1
TMS34010 0 16 32 3 0
TMS34020 0 16 32 3 0
TMS57002 0 32 8 -2 0
TMS57002 1 8 20 0 0
TMS7000 0 8 16 0 1
TMS7020 0 8 16 0 1
TMS7040 0 8 16 0 1
TMS7020_EXL 0 8 16 0 1
TMS70C00 0 8 16 0 1
TMS70C20 0 8 16 0 1
TMS70C40 0 8 16 0 1
TMS7001 0 8 16 0 1
TMS7041 0 8 16 0 1
TMS7002 0 8 16 0 1
TMS7042 0 8 16 0 1
TMS70C46 0 8 16 0 1
TI990_10 0 16 21 0 1
TI990_10 2 8 12 0 1
TMS9900 0 16 16 0 1
TMS9900 2 8 12 0 1
TMS9980A 0 8 14 0 1
TMS9980A 2 8 11 0 1
TMS9995 0 8 16 0 1
TMS9995 2 8 16 0 1
TMS9995_MP9537 0 8 16 0 1
TMS9995_MP9537 2 8 16 0 1
NEC_D546 0 8 11 0 1
NEC_D546 1 8 7 0 1
NEC_D553 0 8 11 0 1
NEC_D553 1 8 7 0 1
NEC_D557L 0 8 11 0 1
NEC_D557L 1 8 7 0 1
NEC_D650 0 8 11 0 1
NEC_D650 1 8 7 0 1
NEC_D552 0 8 10 0 1
NEC_D552 1 8 6 0 1
UNSP 0 16 23 -1 1
UPD7725 0 32 11 -2 1
UPD7725 1 16 11 -1 1
UPD96050 0 32 14 -2 1
UPD96050 1 16 12 -1 1
UPD7810 0 8 16 0 0
UPD7807 0 8 16 0 0
UPD7801 0 8 16 0 0
UPD78C05 0 8 16 0 0
UPD78C06 0 8 16 0 0
UPD7811 0 8 16 0 0
V30MZ 0 8 20 0 0
V30MZ 2 8 16 0 0
V60 0 16 24 0 0
V60 2 16 24 0 0
V70 0 32 32 0 0
V70 2 16 24 0 0
V810 0 32 32 0 0
V810 2 32 32 0 0
Z180 0 8 20 0 0
Z180 2 8 16 0 0
Z180 3 8 20 0 0
Z8601 0 8 16 0 1
UB8830D 0 8 16 0 1
Z8611 0 8 16 0 1
Z8681 0 8 16 0 1
KL5C80A12 0 8 16 0 0
KL5C80A12 2 8 16 0 0
KL5C80A12 3 8 16 0 0
TMPZ84C011 0 8 16 0 0
TMPZ84C011 2 8 16 0 0
TMPZ84C011 3 8 16 0 0
TMPZ84C015 0 8 16 0 0
TMPZ84C015 2 8 16 0 0
TMPZ84C015 3 8 16 0 0
Z80 0 8 16 0 0
Z80 2 8 16 0 0
Z80 3 8 16 0 0
NSC800 0 8 16 0 0
NSC800 2 8 16 0 0
NSC800 3 8 16 0 0
Z8001 0 16 20 0 1
Z8001 1 16 20 0 1
Z8001 2 16 16 0 1
Z8002 0 16 16 0 1
Z8002 2 8 16 0 1
M68307 0 16 24 0 1
M68307 3 16 24 0 1
M68340 0 32 32 0 1
M68340 3 32 32 0 1
AT28C16 0 8 12 0 1
ADDRESS_MAP_BANK 0 0 32 0 0
ER2055 0 8 6 0 1
GT64XXX 0 32 20 0 0
GT64XXX 1 32 32 0 0
GT64XXX 2 32 32 0 0
I8087 0 0 20 0 0
I8155 0 8 8 0 0
I8156 0 8 8 0 0
I82439HX 0 32 20 0 0
I82439TX_NEW 0 32 20 0 0
I82586 0 16 24 0 0
I82596_LE16 0 16 32 0 0
I82596_BE16 0 16 32 0 1
I82596_LE32 0 32 32 0 0
I82596_BE32 0 32 32 0 1
I82875P_HOST 0 32 20 0 0
I82875P_AGP 0 32 20 0 0
LINEAR_FLASH_PCCARD_16MB 0 16 26 0 0
LINEAR_FLASH_PCCARD_32MB 0 16 26 0 0
LINEAR_FLASH_PCCARD_64MB 0 16 26 0 0
MCF5206E_PERIPHERAL 0 32 10 0 1
NETLIST_CPU 0 8 12 0 0
PCI_BRIDGE 0 32 20 0 0
SMPC_HLE 0 8 7 0 0
TC0091LVC 0 8 20 0 0
TMP68301 0 16 10 0 0
VRC4373 0 32 20 0 0
VRC4373 1 32 32 0 0
VRC4373 2 32 32 0 0
VRC5074 0 32 20 0 0
VRC5074 1 32 32 0 0
VRC5074 2 32 32 0 0
X2212 0 8 8 0 1
X2212 1 8 8 0 1
X2210 0 8 8 0 1
X2210 1 8 8 0 1
BSMT2000 0 8 32 0 0
C352 0 8 24 0 0
CDP1869 0 8 11 0 0
DAVE 0 8 22 0 0
DAVE 2 8 16 0 0
ES5503 0 8 17 0 0
K053260 0 8 21 0 0
K054539 0 8 24 0 0
MOS6560 0 8 14 0 0
MOS6560 1 8 10 0 0
MOS6561 0 8 14 0 0
MOS6561 1 8 10 0 0
MOS656X_ATTACK_UFO 0 8 14 0 0
MOS656X_ATTACK_UFO 1 8 10 0 0
MOS7360 0 8 16 0 0
MULTIPCM 0 8 24 0 0
OKIM6295 0 8 18 0 0
OKIM9810 0 8 24 0 0
QS1000 0 8 24 0 0
QSOUND 0 8 24 0 0
RF5C400 0 16 25 0 0
SEGAPCM 0 8 21 0 0
UPD7752 0 8 16 0 0
VLM5030 0 8 16 0 0
YMF271 0 8 23 0 0
YMF278B 0 8 22 0 0
YMZ280B 0 8 24 0 0
SEGA315_5124 0 8 14 0 0
SEGA315_5246 0 8 14 0 0
SEGA315_5378 0 8 14 0 0
SEGA315_5313 0 8 14 0 0
CESBLIT 0 16 23 0 1
CRT9007 0 8 14 0 0
EF9345 0 8 16 0 0
TS9347 0 8 16 0 0
EF9364 0 8 12 0 0
EF9365 0 8 18 0 0
HD61830 0 8 16 0 0
HD63484 0 16 20 -1 1
HD66421 0 8 17 0 0
HUC6271 1 32 32 0 0
HUC6272 0 16 4 0 0
HUC6272 1 32 21 0 0
M50458 0 16 16 0 0
MB90082 0 16 16 0 0
MB_VCU 0 8 19 0 0
MB_VCU 1 8 16 0 0
MOS8563 0 8 16 0 0
MOS8568 0 8 16 0 0
MOS6566 0 8 14 0 0
MOS6566 1 8 10 0 0
MOS6567 0 8 14 0 0
MOS6567 1 8 10 0 0
MOS8562 0 8 14 0 0
MOS8562 1 8 10 0 0
MOS8564 0 8 14 0 0
MOS8564 1 8 10 0 0
MOS6569 0 8 14 0 0
MOS6569 1 8 10 0 0
MOS8565 0 8 14 0 0
MOS8565 1 8 10 0 0
MOS8566 0 8 14 0 0
MOS8566 1 8 10 0 0
MSM6255 0 8 20 0 0
PPU_2C02 0 8 17 0 0
PPU_2C03B 0 8 17 0 0
PPU_2C04 0 8 17 0 0
PPU_2C07 0 8 17 0 0
PPU_PALC 0 8 17 0 0
PPU_2C05_01 0 8 17 0 0
PPU_2C05_02 0 8 17 0 0
PPU_2C05_03 0 8 17 0 0
PPU_2C05_04 0 8 17 0 0
PPU_VT03 0 8 17 0 0
RAMDAC 0 8 10 0 0
SCN2674 0 8 16 0 0
SED1330 0 8 16 0 0
TMS3556 0 8 17 0 0
TMS9928A 1 8 14 0 1
TMS9918 1 8 14 0 1
TMS9918A 1 8 14 0 1
TMS9118 1 8 14 0 1
TMS9128 1 8 14 0 1
TMS9929 1 8 14 0 1
TMS9929A 1 8 14 0 1
TMS9129 1 8 14 0 1
UPD7220 0 16 18 0 0
UPD7227 0 8 7 0 1
V9938 1 8 18 0 1
V9958 1 8 18 0 1
DSP16 0 16 16 -1 0
DSP16 1 16 16 -1 0
IE15_CPU 0 8 14 0 0
IE15_CPU 2 8 8 0 0
M6510T 0 8 16 0 0
M6510T 3 8 16 0 0
M68HC05C4 0 8 13 0 1
M68HC05C8 0 8 13 0 1
M68HC705C8A 0 8 13 0 1
HP_NANOPROCESSOR 0 8 11 0 1
HP_NANOPROCESSOR 2 8 4 0 1
SCUDSP 0 32 8 -2 1
SCUDSP 1 32 8 -2 1
SM500 0 8 11 0 0
SM500 1 8 6 0 0
SUPERFX 0 8 32 0 0
DUMMY_SPACE 0 8 32 0 0
